255 255 255 255 255 255 255 255 255 255 255 255 255 255 255 255
255 251 223 223 223 223 223 223 223 223 223 223 223 223 251 255
255 223   0   0   0   0   0   0   0   0   0   0   0   0 223 255
255 223   0  53 116 116 116 116 116 116 116 116  72   0 223 255
255 223   0 116 255 255 255 255 255 255 255 255 156   0 223 255
255 223   0  47 102 203 255 255 255 255 203 102  62   0 223 255
255 223   0   0   0 176 255 255 255 255 176   0   0   0 223 255
255 223   0  94 207 240 255 255 255 255 240 207 128   0 223 255
255 223   0  94 207 207 207 246 255 255 255 255 156   0 223 255
255 223   0   0   0   0   0 207 255 255 255 255 156   0 223 255
255 223   0  47 102  41   0 207 240 176 203 255 156   0 223 255
255 223   0 116 255 102   0 207 207   0 102 255 156   0 223 255
255 223   0  72 156  62   0 128 128   0  62 156  96   0 223 255
255 223   0   0   0   0   0   0   0   0   0   0   0   0 223 255
255 251 223 223 223 223 223 223 223 223 223 223 223 223 251 255
255 255 255 255 255 255 255 255 255 255 255 255 255 255 255 255
255 255 255 255 255 255 255 255 255 255 255 255 255 255 255 255
255 251 223 223 223 223 223 223 223 223 223 223 223 223 251 255
255 223   0   0   0   0   0   0   0   0   0   0   0   0 223 255
255 223   0  53 116 116 116 116 116 116 116 116  72   0 223 255
255 223   0 116 255 255 255 255 255 255 255 255 156   0 223 255
255 223   0  47 102 203 255 255 255 255 203 102  62   0 223 255
255 223   0   0   0 176 255 255 255 255 176   0   0   0 223 255
255 223   0  94 207 240 255 255 255 255 240 207 128   0 223 255
255 223   0  94 207 207 207 246 255 255 255 255 156   0 223 255
255 223   0   0   0   0   0 207 255 255 255 255 156   0 223 255
255 223   0  47 102  41   0 207 240 176 203 255 156   0 223 255
255 223   0 116 255 102   0 207 207   0 102 255 156   0 223 255
255 223   0  72 156  62   0 128 128   0  62 156  96   0 223 255
255 223   0   0   0   0   0   0   0   0   0   0   0   0 223 255
255 251 223 223 223 223 223 223 223 223 223 223 223 223 251 255
255 255 255 255 255 255 255 255 255 255 255 255 255 255 255 255
255 255 255 255 255 255 255 255 255 255 255 255 255 255 255 255
255 251 223 223 223 223 223 223 223 223 223 223 223 223 251 255
255 223   0   0   0   0   0   0   0   0   0   0   0   0 223 255
255 223   0  53 116 116 116 116 116 116 116 116  72   0 223 255
255 223   0 116 255 255 255 255 255 255 255 255 156   0 223 255
255 223   0  47 102 203 255 255 255 255 203 102  62   0 223 255
255 223   0   0   0 176 255 255 255 255 176   0   0   0 223 255
255 223   0  94 207 240 255 255 255 255 240 207 128   0 223 255
255 223   0  94 207 207 207 246 255 255 255 255 156   0 223 255
255 223   0   0   0   0   0 207 255 255 255 255 156   0 223 255
255 223   0  47 102  41   0 207 240 176 203 255 156   0 223 255
255 223   0 116 255 102   0 207 207   0 102 255 156   0 223 255
255 223   0  72 156  62   0 128 128   0  62 156  96   0 223 255
255 223   0   0   0   0   0   0   0   0   0   0   0   0 223 255
255 251 223 223 223 223 223 223 223 223 223 223 223 223 251 255
255 255 255 255 255 255 255 255 255 255 255 255 255 255 255 255

255 255 255 255 255 255 255 255 255 255 255 255 255 255 255 255
255 251 222 222 222 222 222 222 222 222 222 222 222 222 251 255
255 223   0   0   0   0   0   0   0   0   0   0   0   0 223 255
255 223   0  73 157  63   0 129 157 157 157 157  97   0 223 255
255 223   0 116 255 102   0 207 255 255 255 255 156   0 223 255
255 223   0 116 255 203 177 240 255 255 203 102  62   0 223 255
255 223   0 116 255 255 255 255 255 255 176   0   0   0 223 255
255 223   0 116 255 255 255 255 255 255 240 208 128   0 223 255
255 223   0 116 255 255 255 255 246 207 207 207 127   0 223 255
255 223   0 116 255 255 255 255 207   0   0   0   0   0 223 255
255 223   0 116 255 203 176 240 207   0  41 103  63   0 223 255
255 223   0 116 255 102   0 207 207   0 102 255 156   0 223 255
255 223   0  53 115  47   0  94  94   0  47 115  71   0 223 255
255 223   0   0   0   0   0   0   0   0   0   0   0   0 223 255
255 251 224 224 224 224 224 224 224 224 224 224 224 224 251 255
255 255 255 255 255 255 255 255 255 255 255 255 255 255 255 255
255 255 255 255 255 255 255 255 255 255 255 255 255 255 255 255
255 251 222 222 222 222 222 222 222 222 222 222 222 222 251 255
255 223   0   0   0   0   0   0   0   0   0   0   0   0 223 255
255 223   0  73 157  63   0 129 157 157 157 157  97   0 223 255
255 223   0 116 255 102   0 207 255 255 255 255 156   0 223 255
255 223   0 116 255 203 177 240 255 255 203 102  62   0 223 255
255 223   0 116 255 255 255 255 255 255 176   0   0   0 223 255
255 223   0 116 255 255 255 255 255 255 240 208 128   0 223 255
255 223   0 116 255 255 255 255 246 207 207 207 127   0 223 255
255 223   0 116 255 255 255 255 207   0   0   0   0   0 223 255
255 223   0 116 255 203 176 240 207   0  41 103  63   0 223 255
255 223   0 116 255 102   0 207 207   0 102 255 156   0 223 255
255 223   0  53 115  47   0  94  94   0  47 115  71   0 223 255
255 223   0   0   0   0   0   0   0   0   0   0   0   0 223 255
255 251 224 224 224 224 224 224 224 224 224 224 224 224 251 255
255 255 255 255 255 255 255 255 255 255 255 255 255 255 255 255
255 255 255 255 255 255 255 255 255 255 255 255 255 255 255 255
255 251 222 222 222 222 222 222 222 222 222 222 222 222 251 255
255 223   0   0   0   0   0   0   0   0   0   0   0   0 223 255
255 223   0  73 157  63   0 129 157 157 157 157  97   0 223 255
255 223   0 116 255 102   0 207 255 255 255 255 156   0 223 255
255 223   0 116 255 203 177 240 255 255 203 102  62   0 223 255
255 223   0 116 255 255 255 255 255 255 176   0   0   0 223 255
255 223   0 116 255 255 255 255 255 255 240 208 128   0 223 255
255 223   0 116 255 255 255 255 246 207 207 207 127   0 223 255
255 223   0 116 255 255 255 255 207   0   0   0   0   0 223 255
255 223   0 116 255 203 176 240 207   0  41 103  63   0 223 255
255 223   0 116 255 102   0 207 207   0 102 255 156   0 223 255
255 223   0  53 115  47   0  94  94   0  47 115  71   0 223 255
255 223   0   0   0   0   0   0   0   0   0   0   0   0 223 255
255 251 224 224 224 224 224 224 224 224 224 224 224 224 251 255
255 255 255 255 255 255 255 255 255 255 255 255 255 255 255 255

255 255 255 255 255 255 255 255 255 255 255 255 255 255 255 255
255 249 219 218 218 218 218 218 218 218 218 218 218 220 253 255
255 219   7   3   3   3   3   3   3   3   3   3   3  15 243 255
255 218   3  45 108  43   0  91  84   0  49 108  33  11 242 255
255 218   3 108 255 100   0 215 199   0 116 255  79  11 242 255
255 218   3 108 255 192 150 238 199   0  50 108  33  11 242 255
255 218   3 108 255 255 255 255 199   0   0   0   0  11 242 255
255 218   3 108 255 255 255 255 246 215 215 215  66  11 242 255
255 218   3  84 199 233 255 255 255 255 230 199  61  11 242 255
255 218   3   0   0 158 255 255 255 255 143   0   0  11 242 255
255 218   3  46 108 199 255 255 255 255 191 108  33  11 242 255
255 218   3 108 255 255 255 255 255 255 255 255  79  11 242 255
255 218   3  37  88  88  88  88  88  88  88  88  27  11 242 255
255 219  11   7   7   7   7   7   7   7   7   7   7  18 243 255
255 251 231 230 230 230 230 230 230 230 230 230 230 231 253 255
255 255 255 255 255 255 255 255 255 255 255 255 255 255 255 255
255 255 255 255 255 255 255 255 255 255 255 255 255 255 255 255
255 249 219 218 218 218 218 218 218 218 218 218 218 220 253 255
255 219   7   3   3   3   3   3   3   3   3   3   3  15 243 255
255 218   3  45 108  43   0  91  84   0  49 108  33  11 242 255
255 218   3 108 255 100   0 215 199   0 116 255  79  11 242 255
255 218   3 108 255 192 150 238 199   0  50 108  33  11 242 255
255 218   3 108 255 255 255 255 199   0   0   0   0  11 242 255
255 218   3 108 255 255 255 255 246 215 215 215  66  11 242 255
255 218   3  84 199 233 255 255 255 255 230 199  61  11 242 255
255 218   3   0   0 158 255 255 255 255 143   0   0  11 242 255
255 218   3  46 108 199 255 255 255 255 191 108  33  11 242 255
255 218   3 108 255 255 255 255 255 255 255 255  79  11 242 255
255 218   3  37  88  88  88  88  88  88  88  88  27  11 242 255
255 219  11   7   7   7   7   7   7   7   7   7   7  18 243 255
255 251 231 230 230 230 230 230 230 230 230 230 230 231 253 255
255 255 255 255 255 255 255 255 255 255 255 255 255 255 255 255
255 255 255 255 255 255 255 255 255 255 255 255 255 255 255 255
255 249 219 218 218 218 218 218 218 218 218 218 218 220 253 255
255 219   7   3   3   3   3   3   3   3   3   3   3  15 243 255
255 218   3  45 108  43   0  91  84   0  49 108  33  11 242 255
255 218   3 108 255 100   0 215 199   0 116 255  79  11 242 255
255 218   3 108 255 192 150 238 199   0  50 108  33  11 242 255
255 218   3 108 255 255 255 255 199   0   0   0   0  11 242 255
255 218   3 108 255 255 255 255 246 215 215 215  66  11 242 255
255 218   3  84 199 233 255 255 255 255 230 199  61  11 242 255
255 218   3   0   0 158 255 255 255 255 143   0   0  11 242 255
255 218   3  46 108 199 255 255 255 255 191 108  33  11 242 255
255 218   3 108 255 255 255 255 255 255 255 255  79  11 242 255
255 218   3  37  88  88  88  88  88  88  88  88  27  11 242 255
255 219  11   7   7   7   7   7   7   7   7   7   7  18 243 255
255 251 231 230 230 230 230 230 230 230 230 230 230 231 253 255
255 255 255 255 255 255 255 255 255 255 255 255 255 255 255 255

255 255 255 255 255 255 255 255 255 255 255 255 255 255 255 255
255 253 231 231 231 231 231 231 231 231 231 231 231 231 253 255
255 231  15   8   8   8   8   8   8   8   8   8   8  15 231 255
255 231   8  34  88  38   0  71  71   0  38  88  30   8 231 255
255 231   8  99 255 109   0 207 207   0 109 255  88   8 231 255
255 231   8  42 109  47   0 207 235 151 195 255  88   8 231 255
255 231   8   0   0   0   0 207 255 255 255 255  88   8 231 255
255 231   8  80 207 207 207 246 255 255 255 255  88   8 231 255
255 231   8  80 207 235 255 255 255 255 255 255  88   8 231 255
255 231   8   0   0 151 255 255 255 255 255 255  88   8 231 255
255 231   8  42 109 195 255 255 235 151 195 255  88   8 231 255
255 231   8  99 255 255 255 255 207   0 109 255  88   8 231 255
255 231   8  38  99  99  99  99  80   0  42  99  34   8 231 255
255 231  15   8   8   8   8   8   8   8   8   8   8  15 231 255
255 253 231 231 231 231 231 231 231 231 231 231 231 231 253 255
255 255 255 255 255 255 255 255 255 255 255 255 255 255 255 255
255 255 255 255 255 255 255 255 255 255 255 255 255 255 255 255
255 253 231 231 231 231 231 231 231 231 231 231 231 231 253 255
255 231  15   8   8   8   8   8   8   8   8   8   8  15 231 255
255 231   8  34  88  38   0  71  71   0  38  88  30   8 231 255
255 231   8  99 255 109   0 207 207   0 109 255  88   8 231 255
255 231   8  42 109  47   0 207 235 151 195 255  88   8 231 255
255 231   8   0   0   0   0 207 255 255 255 255  88   8 231 255
255 231   8  80 207 207 207 246 255 255 255 255  88   8 231 255
255 231   8  80 207 235 255 255 255 255 255 255  88   8 231 255
255 231   8   0   0 151 255 255 255 255 255 255  88   8 231 255
255 231   8  42 109 195 255 255 235 151 195 255  88   8 231 255
255 231   8  99 255 255 255 255 207   0 109 255  88   8 231 255
255 231   8  38  99  99  99  99  80   0  42  99  34   8 231 255
255 231  15   8   8   8   8   8   8   8   8   8   8  15 231 255
255 253 231 231 231 231 231 231 231 231 231 231 231 231 253 255
255 255 255 255 255 255 255 255 255 255 255 255 255 255 255 255
255 255 255 255 255 255 255 255 255 255 255 255 255 255 255 255
255 253 231 231 231 231 231 231 231 231 231 231 231 231 253 255
255 231  15   8   8   8   8   8   8   8   8   8   8  15 231 255
255 231   8  34  88  38   0  71  71   0  38  88  30   8 231 255
255 231   8  99 255 109   0 207 207   0 109 255  88   8 231 255
255 231   8  42 109  47   0 207 235 151 195 255  88   8 231 255
255 231   8   0   0   0   0 207 255 255 255 255  88   8 231 255
255 231   8  80 207 207 207 246 255 255 255 255  88   8 231 255
255 231   8  80 207 235 255 255 255 255 255 255  88   8 231 255
255 231   8   0   0 151 255 255 255 255 255 255  88   8 231 255
255 231   8  42 109 195 255 255 235 151 195 255  88   8 231 255
255 231   8  99 255 255 255 255 207   0 109 255  88   8 231 255
255 231   8  38  99  99  99  99  80   0  42  99  34   8 231 255
255 231  15   8   8   8   8   8   8   8   8   8   8  15 231 255
255 253 231 231 231 231 231 231 231 231 231 231 231 231 253 255
255 255 255 255 255 255 255 255 255 255 255 255 255 255 255 255
